

#################################################################################################################
                                     Instance Name           Movement (microns)        Orig Loc        New Loc
#################################################################################################################
                                        clk__L2_I4                3.99       (6.46, 21)       (10.45, 21)
                                        clk__L3_I4                2.16       (37.81, 18.2)       (37.05, 19.6)
                                        clk__L2_I5                1.97       (6.46, 21)       (7.03, 22.4)
                                       clk__L3_I11                1.97       (5.32, 14)       (4.75, 15.4)
                                       clk__L3_I13                1.78       (5.7, 21)       (5.32, 22.4)
                                        clk__L3_I8                1.71       (38.76, 22.4)       (37.05, 22.4)
                                        clk__L2_I3                1.71       (6.46, 21)       (4.75, 21)
                                        clk__L2_I2                 1.4       (32.49, 18.2)       (32.49, 16.8)
                                        clk__L3_I3                1.33       (40.47, 18.2)       (41.8, 18.2)
                                        clk__L3_I9                1.14       (3.61, 7)       (4.75, 7)
                               add_28_48/FE_RC_3_0                1.14       (10.26, 21)       (11.4, 21)
                                        clk__L2_I0                1.14       (32.49, 18.2)       (31.35, 18.2)
                                   add_28_48/g1193                1.14       (13.68, 21)       (14.82, 21)
                                   add_28_48/g1129                1.14       (13.11, 21)       (14.25, 21)
                                   add_28_48/g1128                1.14       (11.97, 21)       (13.11, 21)
                               add_28_48/FE_RC_2_0                1.14       (11.02, 21)       (12.16, 21)
